1.396361666373100840e-03
1.396361666373100840e-03
1.396361666373100840e-03
1.396361666373100840e-03
1.396361666373100840e-03
1.396361666373100840e-03
1.396361666373100840e-03
1.396361666373100840e-03
1.396361666373100840e-03
1.396361666373100840e-03
1.396361666373100840e-03
1.396361666373100840e-03
1.396361666373100840e-03
1.396361666373100840e-03
1.396361666373100840e-03
1.396361666373100840e-03
1.396361666373100840e-03
1.396361666373100840e-03
1.396361666373100840e-03
1.396361666373100840e-03
1.396361666373100840e-03
1.396361666373100840e-03
1.396361666373100840e-03
1.396361666373100840e-03
1.396361666373100840e-03
1.396361666373100840e-03
1.396361666373100840e-03
1.396361666373100840e-03
1.396361666373100840e-03
1.396361666373100840e-03
1.396361666373100840e-03
1.396361666373100840e-03
1.396361666373100840e-03
1.396361666373100840e-03
1.396361666373100840e-03
1.396361666373100840e-03
9.375554624154720448e-03
1.396360657555665219e-03
9.375554624154720448e-03
1.396360657555665219e-03
9.375554624154720448e-03
1.396360657555665219e-03
1.396383692739758958e-03
1.396383692739758958e-03
9.375554624154720448e-03
1.396360657555665219e-03
9.375554624154720448e-03
1.396360657555665219e-03
9.375554624154720448e-03
1.396360657555665219e-03
9.375554624154720448e-03
1.396360657555665219e-03
1.396383692739758958e-03
9.375554624154720448e-03
1.396360657555665219e-03
1.396383692739758958e-03
1.396383692739758958e-03
9.375554624154720448e-03
1.396360657555665219e-03
1.396383692739758958e-03
9.375554624154720448e-03
1.396360657555665219e-03
1.396383692739758958e-03
9.375554624154720448e-03
1.396360657555665219e-03
9.375554624154720448e-03
1.396360657555665219e-03
9.375554624154720448e-03
1.396360657555665219e-03
9.375554624154720448e-03
1.396360657555665219e-03
9.375554624154720448e-03
1.396360657555665219e-03
9.375554624154720448e-03
1.396360657555665219e-03
9.375554624154720448e-03
1.396360657555665219e-03
9.375554624154720448e-03
1.396360657555665219e-03
9.375554624154720448e-03
1.396360657555665219e-03
9.375554624154720448e-03
1.396360657555665219e-03
9.375554624154720448e-03
1.396360657555665219e-03
1.396360618328492927e-03
1.396360618328492927e-03
1.396360618328492927e-03
1.396360618328492927e-03
1.396360618328492927e-03
1.396360618328492927e-03
1.396360618328492927e-03
1.396360618328492927e-03
1.396360618328492927e-03
1.396360618328492927e-03
1.396360618328492927e-03
1.396360618328492927e-03
1.396360618328492927e-03
1.396360618328492927e-03
1.396360618328492927e-03
1.396360618328492927e-03
1.396360618328492927e-03
1.396360618328492927e-03
1.396360618328492927e-03
1.396360618328492927e-03
1.396360618328492927e-03
1.396360618328492927e-03
1.396360618328492927e-03
1.396360618328492927e-03
1.396360618328492927e-03
1.396360618328492927e-03
1.396360618328492927e-03
1.396360618328492927e-03
1.396360618328492927e-03
1.396360618328492927e-03
1.396360618328492927e-03
1.396360618328492927e-03
1.396360618328492927e-03
1.396360618328492927e-03
1.396360618328492927e-03
