9.660039426793261275e-02
9.660039426793261275e-02
9.660039426793261275e-02
9.660039426793261275e-02
9.660039426793261275e-02
9.660039426793261275e-02
9.660039426793261275e-02
9.660039426793261275e-02
9.660039426793261275e-02
9.660039426793261275e-02
9.660039426793261275e-02
9.660039426793261275e-02
9.660039426793261275e-02
9.660039426793261275e-02
9.660039426793261275e-02
9.660039426793261275e-02
9.660039426793261275e-02
9.660039426793261275e-02
9.660039426793261275e-02
9.660039426793261275e-02
9.660039426793261275e-02
9.660039426793261275e-02
9.660039426793261275e-02
9.660039426793261275e-02
9.660039426793261275e-02
9.660039426793261275e-02
9.660039426793261275e-02
9.660039426793261275e-02
9.660039426793261275e-02
9.660039426793261275e-02
9.660039426793261275e-02
9.660039426793261275e-02
9.660039426793261275e-02
9.660039426793261275e-02
9.660039426793261275e-02
9.660039426793261275e-02
9.660039426793261275e-02
9.660039426793261275e-02
9.660039426793261275e-02
9.660039426793261275e-02
9.660039426793261275e-02
9.660039426793261275e-02
9.660039426793261275e-02
9.660039426793261275e-02
9.660039426793261275e-02
9.660039426793261275e-02
9.660039426793261275e-02
9.660039426793261275e-02
9.660039426793261275e-02
9.660039426793261275e-02
9.660039426793261275e-02
9.660039426793261275e-02
9.660039426793261275e-02
9.660039426793261275e-02
9.660039426793261275e-02
9.660039426793261275e-02
9.660039426793261275e-02
9.660039426793261275e-02
9.660039426793261275e-02
9.660039426793261275e-02
9.660039426793261275e-02
9.660039426793261275e-02
9.660039426793261275e-02
9.660039426793261275e-02
9.660039426793261275e-02
9.660039426793261275e-02
9.660039426793261275e-02
9.660039426793261275e-02
9.660039427054398220e-02
9.660039427054398220e-02
9.660039427054398220e-02
9.660039427054398220e-02
9.660039427054398220e-02
9.660039427054398220e-02
9.660039427054398220e-02
9.660039427054398220e-02
9.660039427054398220e-02
9.660039427054398220e-02
9.660039427054398220e-02
9.660039427054398220e-02
9.660039427054398220e-02
9.660039427054398220e-02
9.660039427054398220e-02
9.660039427054398220e-02
9.660039427054398220e-02
9.660039427054398220e-02
9.660039427054398220e-02
9.660039427054398220e-02
9.660039427054398220e-02
9.660039427054398220e-02
9.660039427054398220e-02
9.660039427054398220e-02
9.660039427054398220e-02
9.660039427054398220e-02
9.660039427054398220e-02
9.660039427054398220e-02
9.660039427054398220e-02
9.660039427054398220e-02
9.660039427054398220e-02
9.660039427054398220e-02
9.660039427054398220e-02
9.660039427054398220e-02
9.660039427054398220e-02
9.660039427054398220e-02
9.660039427054398220e-02
9.660039427054398220e-02
9.660039427054398220e-02
9.660039427054398220e-02
9.660039427054398220e-02
9.660039427054398220e-02
9.660039427054398220e-02
9.660039427054398220e-02
9.660039427054398220e-02
9.660039427054398220e-02
9.660039427054398220e-02
9.660039427054398220e-02
9.660039427054398220e-02
9.660039427054398220e-02
9.660039427054398220e-02
9.660039427054398220e-02
9.660039427054398220e-02
9.660039427054398220e-02
9.660039427054398220e-02
9.660039427054398220e-02
9.660039427054398220e-02
9.660039427054398220e-02
9.660039427054398220e-02
9.660039427054398220e-02
9.660039427054398220e-02
9.660039427054398220e-02
9.660039427054398220e-02
9.660039427054398220e-02
9.660039427054398220e-02
9.660039427054398220e-02
9.660039427054398220e-02
9.660039427054398220e-02
9.660039427054398220e-02
9.660039427054398220e-02
9.660039427054398220e-02
9.660039427054398220e-02
9.660039430715977593e-02
9.660039430715977593e-02
9.660039430715977593e-02
9.660039430715977593e-02
9.660039430715977593e-02
9.660039430715977593e-02
9.660039430715977593e-02
9.660039430715977593e-02
9.660039430715977593e-02
9.660039430715977593e-02
9.660039430715977593e-02
9.660039430715977593e-02
9.660039430715977593e-02
9.660039430715977593e-02
9.660039430715977593e-02
9.660039430715977593e-02
9.660039430715977593e-02
9.660039430715977593e-02
9.660039430715977593e-02
9.660039430715977593e-02
9.660039430715977593e-02
9.660039430715977593e-02
9.660039430715977593e-02
9.660039430715977593e-02
9.660039430715977593e-02
9.660039430715977593e-02
9.660039430715977593e-02
9.660039430715977593e-02
9.660039531597722218e-02
9.660101057720907325e-02
9.660101057720907325e-02
9.660101057720907325e-02
9.660101057720907325e-02
9.660101057720907325e-02
9.660101057720907325e-02
1.045795882737588361e-01
1.045795882737588361e-01
1.045795882737588361e-01
1.045795882737588361e-01
1.045795882737588361e-01
1.045795882737588361e-01
1.045795882737588361e-01
1.045795882737588361e-01
1.045795882737588361e-01
1.045795882737588361e-01
1.045795882737588361e-01
1.045795882737588361e-01
1.045795882737588361e-01
1.045795882737588361e-01
1.045795882737588361e-01
1.045795882737588361e-01
1.045795882737588361e-01
1.045795882737588361e-01
1.045795882737588361e-01
1.045795882737588361e-01
1.045795882737588361e-01
1.045795882737588361e-01
1.045795882737588361e-01
1.045795882737588361e-01
1.045795882737588361e-01
1.045795882737588361e-01
1.045795882737588361e-01
1.045795882737588361e-01
2.722734876987953356e-01
4.771329386074526502e-01
4.771329386074526502e-01
4.771329386074526502e-01
4.771329386074526502e-01
4.771329386074526502e-01
4.771329386074526502e-01
4.771329386074526502e-01
4.771329386074526502e-01
4.771329386074526502e-01
4.771329386074526502e-01
4.771329386074526502e-01
4.771329386074526502e-01
4.771329386074526502e-01
4.771329386074526502e-01
4.771329386074526502e-01
4.771329386074526502e-01
4.771329386074526502e-01
4.771329386074526502e-01
4.771329386074526502e-01
4.771329386074526502e-01
4.771329386074526502e-01
4.771329386074526502e-01
4.771329386074526502e-01
4.771329386074526502e-01
4.771329386074526502e-01
4.771329386074526502e-01
4.771329386074526502e-01
4.771329386074526502e-01
4.771329386074526502e-01
4.771329386074526502e-01
4.771329386074526502e-01
4.771329386074526502e-01
4.771329386074526502e-01
4.771329386074526502e-01
4.771329386074526502e-01
4.771329386074526502e-01
4.771329386074526502e-01
4.771329386074526502e-01
4.771329386074526502e-01
4.771329386074526502e-01
4.771329386074526502e-01
4.771329386074526502e-01
4.771329386074526502e-01
4.771329386074526502e-01
4.771329386074526502e-01
4.771329386074526502e-01
4.771329386074526502e-01
4.771329386074526502e-01
4.771329386074526502e-01
4.771329386074526502e-01
4.771329386074526502e-01
4.771329386074526502e-01
4.771329386074526502e-01
4.771329386074526502e-01
4.771329386074526502e-01
4.771329386074526502e-01
4.771329386074526502e-01
4.771329386074526502e-01
4.771329386074526502e-01
4.771329386074526502e-01
4.771329386074526502e-01
4.771329386074526502e-01
4.771329386074526502e-01
4.771329386074526502e-01
4.771329386074526502e-01
4.771329386074526502e-01
4.771329386074526502e-01
4.771329386074526502e-01
